massa_A
t	x	y
0.033333999999999836	0.16008784177485902	0.13712966949773264
0.06666699999999946	0.2799692005718186	0.33410507236891274
0.1	0.3812550512291448	0.5090624115718434
0.13333399999999984	0.5089915619942049	0.6697478942348907
0.16666700000000037	0.6249796344053458	0.814563566878852
0.2	0.7486767949482358	0.9579252722362934
0.23333399999999982	0.8771027419867186	1.0767627657734278
0.2666669999999995	0.9669431706934373	1.2491222151912642
0.2999999999999991	1.0834533915949875	1.3558125621451431
0.33333399999999985	1.2022803093087147	1.4512634455989755
0.36666700000000035	1.3247141735143417	1.53946180630793
0.4	1.4479142473546718	1.6260103463886995
0.43333399999999983	1.565677244512003	1.687751943620956
0.46666699999999944	1.683051334145253	1.7396421854755526
0.5	1.805016234940878	1.7907316054638724
0.5333339999999999	1.9168649277571785	1.8273989503979453
0.5666669999999995	2.0438113575425088	1.8561853757952855
0.6	2.1627032726201887	1.8784477310000396
0.6333339999999998	2.2909985382297395	1.8914107363637762
0.6666670000000003	2.402914419254294	1.8947794778613307
0.7	2.527876503272798	1.881278326751596
0.7333339999999998	2.6559793437036006	1.8662142254135174
0.7666669999999994	2.771014977149409	1.8340932607056804
0.799999999999999	2.9014558875529928	1.7969701532535751
0.8333339999999998	3.036117519372525	1.7533567314004053
0.8666670000000004	3.161755611339476	1.7031850196101845
0.9	3.2842842736649493	1.6378236656007195
0.9333339999999999	3.4088616302445574	1.5691315047506045
0.9666669999999995	3.538836430907963	1.4804063281794155
1.0	3.6696500152854266	1.3863232700759216
1.0333339999999998	3.8215392589214257	1.2555903332159533
1.0666669999999994	3.899875354998176	1.1283840120638011
1.1	3.902828940067112	1.0905219232528691
